     1        0    32400   0.000
     2    20038    32400   0.020
     3    40075    32400   0.040
     4    60112    32400   0.060
     5    80149    32400   0.080
     6   100186    32400   0.100
     7   120223    33108   0.120
     8   140260    33108   0.140
     9   160297    33108   0.160
    10   180334    33108   0.180
    11   200371    33108   0.200
    12   220408    33108   0.220
    13   240445    34179   0.240
    14   260482    34179   0.260
    15   280519    34179   0.280
    16   300556    34179   0.300
    17   320593    34179   0.320
    18   340630    34179   0.340
    19   360667    35407   0.360
    20   380704    35407   0.380
    21   400741    35407   0.400
    22   420778    35407   0.420
    23   440815    35407   0.440
    24   460852    35407   0.460
    25   480889    36676   0.480
    26   500926    36676   0.500
    27   520963    36676   0.520
    28   541000    36676   0.540
    29   561037    36676   0.560
    30   581074    36676   0.580
    31   601111    38028   0.600
    32   621148    38028   0.620
    33   641185    38028   0.640
    34   661222    38028   0.660
    35   681259    38028   0.680
    36   701296    39421   0.700
    37   721333    39421   0.720
    38   741370    39421   0.740
    39   761407    39421   0.760
    40   781444    39421   0.780
    41   801481    39421   0.800
    42   821518    40888   0.820
    43   841555    40888   0.840
    44   861592    40888   0.860
    45   881629    40888   0.880
    46   901666    40888   0.900
    47   921703    40888   0.920
    48   941740    42367   0.940
    49   961777    42367   0.960
    50   981814    42367   0.980
    51  1001851    42367   1.000
    52  1021888    42367   1.020
    53  1041925    42367   1.040
    54  1061962    43909   1.060
    55  1081999    43909   1.080
    56  1102036    43909   1.100
    57  1122073    43909   1.120
    58  1142110    43909   1.140
    59  1162147    43909   1.160
    60  1182184    45459   1.180
    61  1202221    45459   1.200
    62  1222258    45459   1.220
    63  1242295    45459   1.240
    64  1262332    45459   1.260
    65  1282369    45459   1.280
    66  1302406    46976   1.300
    67  1322443    46976   1.320
    68  1342480    46976   1.340
    69  1362517    46976   1.360
    70  1382554    46976   1.380
    71  1402591    48573   1.400
    72  1422628    48573   1.420
    73  1442665    48573   1.440
    74  1462702    48573   1.460
    75  1482739    48573   1.480
    76  1502776    48573   1.500
    77  1522813    50134   1.520
    78  1542850    50134   1.540
    79  1562887    50134   1.560
    80  1582924    50134   1.580
    81  1602961    50134   1.600
    82  1622998    50134   1.620
    83  1643035    51722   1.640
    84  1663072    51722   1.660
    85  1683109    51722   1.680
    86  1703146    51722   1.700
    87  1723183    51722   1.720
    88  1743220    51722   1.740
    89  1763257    53413   1.760
    90  1783294    53413   1.780
    91  1803331    53413   1.800
    92  1823368    53413   1.820
    93  1843405    53413   1.840
    94  1863442    53413   1.860
    95  1883479    55047   1.880
    96  1903516    55047   1.900
    97  1923553    55047   1.920
    98  1943590    55047   1.940
    99  1963627    55047   1.960
   100  1983664    55047   1.980
   101  2003701    56608   2.000
   102  2023738    56608   2.020
   103  2043775    56608   2.040
   104  2063812    56608   2.060
   105  2083849    56608   2.080
   106  2103886    58206   2.100
   107  2123923    58206   2.120
   108  2143960    58206   2.140
   109  2163997    58206   2.160
   110  2184034    58206   2.180
   111  2204071    58206   2.200
   112  2224108    59840   2.220
   113  2244145    59840   2.240
   114  2264182    59840   2.260
   115  2284219    59840   2.280
   116  2304256    59840   2.300
   117  2324293    59840   2.320
   118  2344330    61489   2.340
   119  2364367    61489   2.360
   120  2384404    61489   2.380
   121  2404441    61489   2.400
